> parameters em_iters=0 logZ=-1e300
> shared CondProbEstimation [pseudo_count=1,target_dim=3,total_dim=27] active=actreg,protein
0.998874
0.000574725
0.000551387
0.998842
0.000598419
0.000559162
0.998852
0.000588721
0.00055893
0.998991
0.000483279
0.000525613
0.000536669
0.998914
0.000549761
0.000506047
0.000480147
0.999014
0.998996
0.000480594
0.000523604
0.000508276
0.000489215
0.999003
0.000507645
0.000479206
0.999013
> shared CondProbEstimation [pseudo_count=1,target_dim=3,total_dim=9] promoter=genome
0.999
0.0005
0.0005
0.0005
0.999
0.0005
0.0005
0.0005
0.999
> shared CondProbEstimation [pseudo_count=1,target_dim=3,total_dim=81] mRNA=genome,promoter,txreg
0.999
0.0005
0.0005
0.999
0.0005
0.0005
0.999
0.0005
0.0005
0.999
0.0005
0.0005
0.999
0.0005
0.0005
0.999
0.0005
0.0005
0.999
0.0005
0.0005
0.999
0.0005
0.0005
0.0005
0.0005
0.999
0.999
0.0005
0.0005
0.999
0.0005
0.0005
0.999
0.0005
0.0005
0.999
0.0005
0.0005
0.0005
0.999
0.0005
0.0005
0.0005
0.999
0.999
0.0005
0.0005
0.0005
0.0005
0.999
0.0005
0.0005
0.999
0.999
0.0005
0.0005
0.999
0.0005
0.0005
0.0005
0.0005
0.999
0.999
0.0005
0.0005
0.0005
0.0005
0.999
0.0005
0.0005
0.999
0.0005
0.0005
0.999
0.0005
0.0005
0.999
0.0005
0.0005
0.999
> shared CondProbEstimation [pseudo_count=1,target_dim=3,total_dim=27] protein=mRNA,tlreg
0.998977
0.000511479
0.000511464
0.998879
0.000560507
0.000560402
0.998957
0.000521492
0.000521556
0.998977
0.000511479
0.000511464
0.000554535
0.998888
0.000557371
0.000515529
0.000518458
0.998966
0.998977
0.000511479
0.000511464
0.000554642
0.00055758
0.998888
0.000515529
0.000518458
0.998966
