> parameters em_iters=0 logZ=-1e300
> shared CondProbEstimation [pseudo_count=1,target_dim=3,total_dim=81] active=actreg,codeMut,protein
1
0
0
1
0
0
1
0
0
0.947668
0.049009
0.00332283
0.992148
0.00406529
0.00378647
0.910357
0.0866839
0.00295957
0.910357
0.0866839
0.00295957
0.910357
0.0866839
0.00295957
0.910357
0.0866839
0.00295957
1
0
0
1
0
0
1
0
0
0.873875
0.111629
0.0144962
0.0153567
0.969445
0.0151981
0.0135003
0.293526
0.692973
0.0135003
0.293526
0.692973
0.0135003
0.293526
0.692973
0.0135003
0.293526
0.692973
1
0
0
1
0
0
1
0
0
0.924428
0.0685896
0.00698251
0.00714116
0.00742787
0.985431
0.00610621
0.144644
0.84925
0.00610621
0.144644
0.84925
0.00610621
0.144644
0.84925
0.00610621
0.144644
0.84925
> shared CondProbEstimation [pseudo_count=1,target_dim=3,total_dim=3] codeMut=
0.0025
0.995
0.0025
> shared CondProbEstimation [pseudo_count=1,target_dim=3,total_dim=3] genome=
0.0168739
0.959664
0.0234624
> shared CondProbEstimation [pseudo_count=1,target_dim=3,total_dim=27] mRNA=genome,txreg
0.65035
0.220258
0.129393
0.96753
0.0191892
0.0132804
0.552392
0.193816
0.253792
0.777372
0.111964
0.110664
0.00223381
0.995321
0.00244482
0.0687898
0.0728743
0.858336
0.590226
0.254546
0.155228
0.0152401
0.019481
0.965279
0.213868
0.219944
0.566188
> shared CondProbEstimation [pseudo_count=1,target_dim=3,total_dim=27] protein=mRNA,tlreg
0.97404
0.0131716
0.0127882
0.987614
0.00628311
0.00610325
0.967179
0.0166226
0.0161984
0.97404
0.0131716
0.0127882
0.00595235
0.988126
0.00592181
0.0155139
0.0162941
0.968192
0.97404
0.0131716
0.0127882
0.00617603
0.00632543
0.987499
0.0155139
0.0162941
0.968192
